$ 1 0.000005 10.20027730826997 50 5 50 5e-11
r 352 512 432 512 0 100000
f 416 592 336 592 33 1.5 0.02
r 336 752 336 832 0 10000
s 432 672 432 752 0 1 true
t 512 608 480 608 0 1 -11.757250496075336 0.24262855996960292 100 default
r 336 656 336 752 0 100000
r 528 608 592 608 0 39000
w 336 656 336 608 0
w 528 608 512 608 0
g 480 656 480 672 0 0
g 336 832 336 848 0 0
v 240 640 240 528 0 0 40 12 0 0 0.5
g 240 656 240 672 0 0
w 240 640 240 656 0
w 240 528 240 512 0
w 336 576 336 512 0
w 432 512 432 592 0
w 480 624 480 656 0
w 432 672 432 592 0
s 512 656 592 656 0 1 false
w 512 656 336 656 0
w 592 608 592 656 0
w 352 512 336 512 0
w 416 592 432 592 0
w 480 592 432 592 0
p 240 752 240 848 3 0 1
g 240 848 240 864 0 0
w 240 752 336 752 0
w 432 752 336 752 0
w 336 512 240 512 0
o 25 64 0 4098 5 0.1 0 1
